SproutLife Genome
V1

seedType : Bentline1 to Plus
competitiveMode : competitive1
maxLifespan : 75
targetLifespan : 25
minAgeToHaveChildren : 0
mutationRate : 4
sproutDelayedMode : false
primaryHueDegrees : 300
hueRange : 200

Saved Organisms : 20

lifespan : 27
3, 2, 0
9, -1, -1
12, -2, -3
13, 1, 3
15, 1, 3
15, 1, -5
18, 3, -3
18, 3, -4
19, 1, 2
20, 3, 8
20, 4, -3
20, -2, 4
20, 3, -5
22, 4, 2
22, 4, -5
22, -2, -4
25, 2, 10
25, 3, -7
25, 6, -7
25, 4, 6

lifespan : 27
3, 2, 0
9, -1, -1
12, -2, -3
13, 1, 3
15, 1, 3
15, 1, -5
18, 3, -3
18, 3, -4
19, 1, 2
19, -1, 4
20, 3, 8
20, 4, -3
20, -2, 4
20, 3, -5
22, 4, 2
22, 4, -5
22, -2, -4
22, 3, -9
24, -3, -8
24, 5, 3
24, -1, 0
25, 1, -6
26, -3, 5
26, 8, -2

lifespan : 25
3, 2, 0
9, -1, -1
12, -2, -3
13, 1, 3
15, 1, 3
15, 1, -5
18, 3, -3
18, 3, -4
19, 1, 2
20, 3, 8
20, 4, -3
20, -2, 4
20, 3, -5
22, 4, 2
22, 4, -5
22, -2, -4
24, -4, 6
25, 2, 10
25, 1, -6
25, 3, -7

lifespan : 25
3, 2, 0
9, -1, -1
12, -2, -3
13, 1, 3
15, 1, 3
15, 1, -5
18, 3, -3
18, 3, -4
19, 1, 2
20, 3, 8
20, 4, -3
20, -2, 4
20, 3, -5
22, 4, 2
22, 4, -5
22, -2, -4
25, 2, 10
25, 1, -6
25, 3, -7

lifespan : 25
3, 2, 0
9, -1, -1
12, -2, -3
13, 1, 3
15, 1, 3
15, 1, -5
18, 3, -3
18, 3, -4
19, 1, 2
20, 3, 8
20, 4, -3
20, -2, 4
20, 3, -5
22, 4, 2
22, 4, -5
22, -2, -4
25, 2, 10
25, 1, -6
25, 3, -7

lifespan : 26
3, 2, 0
9, -1, -1
12, -2, -3
13, 1, 3
15, 1, 3
15, 1, -5
18, 3, -3
18, 3, -4
19, 1, 2
20, 3, 8
20, 4, -3
20, -2, 4
20, 3, -5
22, 4, 2
22, 4, -5
22, -2, -4
25, 2, 10
25, 3, -7

lifespan : 25
3, 2, 0
9, -1, -1
12, -2, -3
13, 1, 3
15, 1, 3
15, 1, -5
18, 3, -3
18, 3, -4
19, 1, 2
19, -1, 4
20, 3, 8
20, 4, -3
20, -2, 4
20, 3, -5
22, 4, 2
22, 4, -5
22, -2, -4
24, -3, -8
24, 5, 3
25, 1, -6
25, 7, -1

lifespan : 24
3, 2, 0
9, -1, -1
12, -2, -3
13, 1, 3
15, 1, 3
15, 1, -5
18, 3, -3
18, 3, -4
19, 1, 2
20, 3, 8
20, 4, -3
20, -2, 4
20, 3, -5
22, 4, 2
22, 4, -5
22, -2, -4

lifespan : 25
3, 2, 0
9, -1, -1
12, -2, -3
13, 1, 3
15, 1, 3
15, 1, -5
18, 3, -3
18, 3, -4
19, 1, 2
19, -1, 4
20, 3, 8
20, 4, -3
20, -2, 4
20, 3, -5
22, 4, 2
22, 4, -5
22, -2, -4
24, -3, -8
24, 5, 3
25, 2, 10
25, 1, -6
25, 3, -7
25, 7, -1

lifespan : 26
3, 2, 0
9, -1, -1
12, -2, -3
13, 1, 3
14, -2, -3
15, 1, 3
15, 1, -5
18, 3, -3
19, 1, 2
20, 3, 8
20, 4, -3
20, -2, 4
20, 3, -5
22, 4, 2
22, 4, -5
22, -2, -4
24, -5, 7
25, 2, 10
25, 3, -7

lifespan : 25
3, 2, 0
9, -1, -1
12, -2, -3
13, 1, 3
15, 1, 3
15, 1, -5
18, 3, -3
18, 3, -4
19, 1, 2
20, 3, 8
20, 4, -3
20, -2, 4
20, 3, -5
22, 4, 2
22, 4, -5
22, -2, -4
25, 2, 10
25, 3, -7

lifespan : 26
3, 2, 0
9, -1, -1
12, -2, -3
13, 1, 3
15, 1, 3
15, 1, -5
18, 3, -3
18, 3, -4
19, 1, 2
20, 3, 8
20, 4, -3
20, -2, 4
20, 3, -5
22, 4, 2
22, 4, -5
22, -2, -4
25, 2, 10
25, 3, -7
26, -3, 5
26, -1, 2
26, 8, -2

lifespan : 25
3, 2, 0
9, -1, -1
12, -2, -3
13, 1, 3
15, 1, 3
15, 1, -5
15, -1, -4
18, 3, -3
18, 3, -4
19, 1, 2
20, 3, 8
20, 4, -3
20, -2, 4
20, 3, -5
21, 1, 5
22, -2, -4
25, 2, 10
25, 3, -7

lifespan : 26
3, 2, 0
9, -1, -1
12, -2, -3
13, 1, 3
15, 1, 3
15, 1, -5
18, 3, -3
18, 3, -4
19, 1, 2
19, -1, 4
20, 3, 8
20, 4, -3
20, -2, 4
20, 3, -5
22, 4, -5
22, -2, -4
23, 0, -8
24, -3, -8
24, 5, 3
25, 1, -6
25, 3, -7
25, 7, -1
26, 8, -2

lifespan : 25
3, 2, 0
9, -1, -1
12, -2, -3
13, 1, 3
15, 1, 3
15, 1, -5
18, 3, -3
18, 3, -4
19, 1, 2
19, -1, 4
20, 3, 8
20, 4, -3
20, -2, 4
20, 3, -5
22, 4, 2
22, 4, -5
22, -2, -4
24, -3, -8
24, 5, 3
25, 2, 10
25, 1, -6
25, 3, -7
25, 7, -1
25, 2, -11

lifespan : 26
3, 2, 0
9, -1, -1
12, -2, -3
13, 1, 3
15, 1, 3
15, 1, -5
18, 3, -3
18, 3, -4
19, 1, 2
20, 3, 8
20, 4, -3
20, -2, 4
20, 3, -5
22, 4, -5
22, -2, -4
24, 6, -5
25, 2, 10
25, 1, -6
25, 3, -7
25, -6, -4

lifespan : 25
3, 2, 0
9, -1, -1
12, -2, -3
13, 1, 3
15, 1, 3
15, 1, -5
18, 3, -3
18, 3, -4
19, 1, 2
20, 3, 8
20, 4, -3
20, -2, 4
20, 3, -5
22, 4, 2
22, 4, -5
22, -2, -4
23, -1, -1
25, 2, 10
25, 1, -6
25, 3, -7

lifespan : 24
3, 2, 0
9, -1, -1
13, 1, 3
15, 1, 3
15, 1, -5
18, 3, -3
18, 3, -4
19, 1, 2
19, 3, 0
20, 3, 8
20, -2, 4
20, 3, -5
21, 1, 2
21, -1, -9
22, -2, -4
24, -3, -8

lifespan : 26
3, 2, 0
9, -1, -1
12, -2, -3
13, 1, 3
15, 1, 3
15, 1, -5
18, 3, -3
18, 3, -4
19, 1, 2
19, -1, 4
20, 3, 8
20, 4, -3
20, -2, 4
20, 3, -5
22, 4, 2
22, 4, -5
22, -2, -4
24, 5, 3
24, -3, -3
25, 2, 10
25, 3, -7
25, 7, -1
26, -3, 5
26, -1, 2
26, 8, -2

lifespan : 26
3, 2, 0
9, -1, -1
12, -2, -3
13, 1, 3
15, 1, 3
15, 1, -5
18, 3, -4
19, 1, 2
20, 3, 8
20, 4, -3
20, -2, 4
20, 3, -5
22, 4, 2
22, 4, -5
22, -2, -4
23, 6, -2
24, -3, -8
24, -4, 6
25, 2, 10
25, 1, -6
25, 3, -7
25, 3, 1
26, -3, 5
26, -1, 2
26, 8, -2
26, -3, -6
