SproutLife Genome
V1

seedType : Bentline1 to R-Pentomino
competitiveMode : competitive1
maxLifespan : 75
targetLifespan : 37
minAgeToHaveChildren : 0
mutationRate : 6
sproutDelayedMode : false
primaryHueDegrees : 300
hueRange : 200

Saved Organisms : 20

lifespan : 38
3, -1, -2
3, 0, -2
8, 0, -3
12, 0, 0
18, -3, 2
18, 5, -2
20, -2, 2
20, -6, -1
21, 5, -3
22, -2, -7
22, -2, 4
24, 4, -6
25, -6, 1
25, 3, -3
26, 7, 2
26, 2, -2
28, 0, 6
28, -1, 1
28, -9, 0
30, 9, -1
30, -2, 4
31, -2, -8
31, -3, -4
33, 5, -3
34, 7, -7
35, 10, 3
35, 9, 1
36, 0, 9
37, 8, -4

lifespan : 38
3, -1, -2
3, 0, -2
8, 0, -3
12, 0, 0
18, -3, 2
18, 5, -2
20, -2, 2
20, -6, -1
21, 5, -3
22, -2, -7
22, -2, 4
24, 4, -6
25, -6, 1
25, 3, -3
26, 7, 2
26, 2, -2
28, 0, 6
28, -1, 1
28, -9, 0
30, 9, -1
30, -2, 4
30, 3, -6
31, -2, -8
31, -3, -4
34, 7, -7
35, 10, 3
36, 0, 9
37, 8, -4

lifespan : 38
3, -1, -2
3, 0, -2
8, 0, -3
12, 0, 0
18, -3, 2
18, 5, -2
20, -2, 2
20, -6, -1
21, 5, -3
22, -2, -7
22, -2, 4
24, 4, -6
25, -6, 1
25, 3, -3
26, 7, 2
26, 2, -2
28, 0, 6
28, -1, 1
28, -9, 0
29, -2, -2
30, 9, -1
31, -2, -8
34, 7, -7
35, 10, 3
35, 9, 1
36, 0, 9
36, -9, -2
36, -5, 3
37, 8, -4

lifespan : 38
3, -1, -2
3, 0, -2
8, 0, -3
12, 0, 0
18, -3, 2
18, 5, -2
20, -2, 2
20, -6, -1
21, 5, -3
22, -2, -7
22, -2, 4
24, 4, -6
25, -6, 1
25, 3, -3
26, 7, 2
26, 2, -2
28, 0, 6
28, -1, 1
28, -9, 0
30, 9, -1
30, -2, 4
30, 3, -6
31, -2, -8
31, -3, -4
34, 7, -7
35, 10, 3
36, 0, 9
37, 8, -4

lifespan : 38
3, -1, -2
3, 0, -2
8, 0, -3
12, 0, 0
18, -3, 2
18, 5, -2
20, -2, 2
20, -6, -1
21, 5, -3
22, -2, -7
22, -2, 4
24, 4, -6
25, -6, 1
25, 3, -3
26, 7, 2
26, 2, -2
28, 0, 6
28, -9, 0
30, 9, -1
30, -2, 4
31, -3, -4
34, 7, -7
35, 10, 3
35, 9, 1
37, 8, -4
38, 0, 0

lifespan : 39
3, -1, -2
3, 0, -2
8, 0, -3
12, 0, 0
18, -3, 2
18, 5, -2
20, -2, 2
20, -6, -1
21, 5, -3
22, -2, -7
22, -2, 4
24, 4, -6
25, -6, 1
25, 3, -3
26, 7, 2
26, 2, -2
28, 0, 6
28, -1, 1
29, 6, -1
30, 9, -1
30, -2, 4
31, -2, -8
31, -3, -4
34, 7, -7
35, 10, 3
35, 9, 1
37, 8, -4
39, 2, -6

lifespan : 38
3, -1, -2
3, 0, -2
8, 0, -3
12, 0, 0
18, -3, 2
18, 5, -2
20, -2, 2
20, -6, -1
22, -2, -7
22, -2, 4
24, 4, -6
25, -6, 1
25, 3, -3
26, 7, 2
26, 2, -2
28, 0, 6
28, -1, 1
28, -9, 0
29, -2, -2
30, -2, 4
35, 10, 3
35, 9, 1
36, 0, 9
37, 8, -4
38, 7, 1

lifespan : 38
3, -1, -2
3, 0, -2
8, 0, -3
12, 0, 0
18, -3, 2
18, 5, -2
20, -2, 2
20, -6, -1
21, 5, -3
22, -2, -7
22, -2, 4
24, 4, -6
25, -6, 1
25, 3, -3
26, 7, 2
26, 2, -2
28, 0, 6
28, -1, 1
28, -9, 0
30, 9, -1
30, -2, 4
31, -2, -8
31, -3, -4
33, 5, -3
34, 7, -7
35, 10, 3
35, 9, 1
36, 0, 9
37, 8, -4

lifespan : 38
3, -1, -2
3, 0, -2
8, 0, -3
12, 0, 0
18, -3, 2
18, 5, -2
20, -2, 2
20, -6, -1
21, 5, -3
22, -2, -7
22, -2, 4
24, 4, -6
25, -6, 1
25, 3, -3
26, 7, 2
26, 2, -2
28, 0, 6
28, -1, 1
28, -9, 0
30, 9, -1
30, -2, 4
31, -3, -4
34, 7, -7
35, 10, 3
35, 9, 1
37, 8, -4
38, 0, 0

lifespan : 38
3, -1, -2
3, 0, -2
8, 0, -3
12, 0, 0
18, -3, 2
18, 5, -2
20, -2, 2
20, -6, -1
21, 5, -3
22, -2, -7
22, -2, 4
24, 4, -6
25, -6, 1
25, 3, -3
26, 7, 2
26, 2, -2
28, 0, 6
28, -1, 1
28, -9, 0
30, 9, -1
30, -2, 4
31, -3, -4
34, 7, -7
35, 10, 3
35, 9, 1
37, 8, -4

lifespan : 40
3, -1, -2
3, 0, -2
8, 0, -3
12, 0, 0
18, -3, 2
18, 5, -2
20, -2, 2
20, -6, -1
22, -2, -7
22, -2, 4
24, 4, -6
25, -6, 1
25, 3, -3
26, 7, 2
26, 2, -2
28, 0, 6
28, -9, 0
29, -2, -2
30, -2, 4
31, -2, -8
35, 10, 3
35, 9, 1
37, 8, -4
37, 6, -4
39, 2, -6
40, 6, -10
40, 9, 1

lifespan : 38
3, -1, -2
3, 0, -2
8, 0, -3
12, 0, 0
18, -3, 2
18, 5, -2
20, -2, 2
20, -6, -1
21, 5, -3
22, -2, -7
22, -2, 4
24, 4, -6
25, -6, 1
25, 3, -3
26, 7, 2
26, 2, -2
28, 0, 6
28, -1, 1
28, -9, 0
29, -2, -2
30, 9, -1
30, -2, 4
31, -2, -8
34, 7, -7
35, 10, 3
35, 9, 1
36, 0, 9
36, -9, -2
36, -5, 3
37, 8, -4

lifespan : 38
3, -1, -2
3, 0, -2
8, 0, -3
12, 0, 0
18, -3, 2
18, 5, -2
20, -2, 2
20, -6, -1
21, 5, -3
22, -2, -7
22, -2, 4
24, 4, -6
25, -6, 1
25, 3, -3
26, 7, 2
26, 2, -2
28, 0, 6
28, -1, 1
28, -9, 0
30, 9, -1
30, -2, 4
31, -3, -4
34, 7, -7
35, 10, 3
35, 9, 1
37, 8, -4
38, 0, 0

lifespan : 39
3, -1, -2
3, 0, -2
8, 0, -3
12, 0, 0
18, -3, 2
18, 5, -2
20, -2, 2
20, -6, -1
22, -2, -7
22, -2, 4
24, 4, -6
25, -6, 1
25, 3, -3
26, 7, 2
26, 2, -2
28, 0, 6
28, -9, 0
29, -2, -2
30, -2, 4
31, -2, -8
35, 10, 3
35, 9, 1
37, 8, -4
39, 2, -6

lifespan : 38
3, -1, -2
3, 0, -2
8, 0, -3
12, 0, 0
18, -3, 2
18, 5, -2
20, -2, 2
20, -6, -1
21, 5, -3
22, -2, -7
22, -2, 4
24, 4, -6
25, -6, 1
25, 3, -3
26, 7, 2
26, 2, -2
28, 0, 6
28, -1, 1
28, -9, 0
30, 9, -1
30, -2, 4
31, -2, -8
31, -3, -4
32, -4, 6
34, 7, -7
35, 10, 3
35, 9, 1
36, 0, 9
37, 8, -4

lifespan : 38
3, -1, -2
3, 0, -2
8, 0, -3
12, 0, 0
18, -3, 2
18, 5, -2
20, -2, 2
20, -6, -1
21, 5, -3
22, -2, -7
22, -2, 4
24, 4, -6
25, -6, 1
25, 3, -3
26, 7, 2
26, 2, -2
28, 0, 6
28, -1, 1
28, -9, 0
30, 9, -1
30, -2, 4
30, 3, -6
31, -2, -8
31, -3, -4
34, 7, -7
34, 2, -6
36, 0, 9
36, -8, -2
37, 8, -4

lifespan : 38
3, -1, -2
3, 0, -2
8, 0, -3
12, 0, 0
18, -3, 2
18, 5, -2
20, -2, 2
20, -6, -1
21, 5, -3
22, -2, -7
22, -2, 4
24, 4, -6
25, -6, 1
25, 3, -3
26, 7, 2
26, 2, -2
28, 0, 6
28, -1, 1
28, -9, 0
29, -2, -2
30, 9, -1
30, -2, 4
31, -2, -8
35, 10, 3
35, 9, 1
36, 0, 9
36, -9, -2
36, -5, 3

lifespan : 38
3, -1, -2
3, 0, -2
8, 0, -3
12, 0, 0
18, -3, 2
18, 5, -2
20, -2, 2
20, -6, -1
21, 5, -3
22, -2, -7
22, -2, 4
24, 4, -6
25, -6, 1
25, 3, -3
26, 7, 2
26, 2, -2
28, 0, 6
28, -1, 1
28, -9, 0
30, 9, -1
30, -2, 4
31, -2, -8
31, -3, -4
32, -4, 6
33, 7, -3
34, 7, -7
35, 10, 3
35, 9, 1
36, 0, 9
37, 8, -4

lifespan : 38
3, -1, -2
3, 0, -2
8, 0, -3
12, 0, 0
18, -3, 2
18, 5, -2
20, -2, 2
20, -6, -1
21, 5, -3
22, -2, -7
22, -2, 4
24, 4, -6
25, -6, 1
25, 3, -3
26, 7, 2
26, 2, -2
28, 0, 6
28, -1, 1
28, -9, 0
29, -2, -2
30, 9, -1
30, -2, 4
31, -2, -8
31, -3, -4
34, 7, -7
34, -5, 5
34, 0, -2
35, 10, 3
35, 9, 1
36, 0, 9
36, -2, 4
36, -3, 2

lifespan : 38
3, -1, -2
3, 0, -2
8, 0, -3
12, 0, 0
18, -3, 2
18, 5, -2
20, -2, 2
20, -6, -1
22, -2, -7
22, -2, 4
24, 4, -6
25, -6, 1
25, 3, -3
26, 7, 2
26, 2, -2
28, 0, 6
28, -1, 1
28, -9, 0
29, -2, -2
30, -2, 4
35, 10, 3
35, 9, 1
36, 0, 9
37, 8, -4
38, 7, 1
