SproutLife Genome
V1

seedType : Bentline1 to R-Pentomino
competitiveMode : competitive2
maxLifespan : 75
targetLifespan : 30
minAgeToHaveChildren : 0
mutationRate : 3
sproutDelayedMode : false
primaryHueDegrees : 180
hueRange : 100

Saved Organisms : 20

lifespan : 30
12, -2, -4
12, -1, -4
12, 3, -1
14, -4, -1
14, 2, 3
14, 0, -3
14, -1, -2
16, -4, -2
16, 1, -1
17, 2, 4
18, -4, -3
19, -1, 0
19, 6, 1
19, 3, 2
19, -1, 1
19, 0, 2
20, 2, -5
20, -4, 0
20, -2, 3
20, 2, 2
21, -4, 3
21, 1, 0
21, -4, -1
21, 4, -2
21, 6, -3
21, -1, -1
22, -6, 3
22, 3, -5
22, -2, 5
22, 3, 0
22, -4, -5
22, 1, -2
23, -10, -2
23, -7, 0
23, 4, -3
23, 5, -4
24, 2, -10
24, 1, -8
25, -6, -1
25, -7, 2
25, -7, -1
25, 5, 4
25, 6, 2
25, 1, 7
25, 7, 1
25, -1, 7
25, -6, 0
25, 5, -1
26, 5, -2
26, 1, 1
26, -2, -9
26, -7, -2
26, -3, -6
27, -6, -3
27, 2, -1
27, 9, -1
27, 10, 0
27, -5, -1
27, 7, 3
27, -9, -1
27, 1, 8
27, 0, 5
27, 6, -1
27, 0, -9
27, -7, -4
30, -1, 5

lifespan : 31
12, -2, -4
12, -1, -4
12, 3, -1
12, -1, -3
14, -4, -1
14, 2, 3
14, 0, -3
14, -1, -2
16, -4, -2
16, 1, -1
17, 2, 4
18, -4, -3
19, -1, 0
19, 6, 1
19, 3, 2
19, -1, 1
19, 0, 2
20, 2, -5
20, -4, 0
20, -2, 3
20, 2, 2
21, -4, 3
21, 1, 0
21, -4, -1
21, 4, -2
21, 6, -3
21, -1, -1
22, -6, 3
22, 3, -5
22, -2, 5
22, 3, 0
22, -4, -5
22, 1, -2
23, -10, -2
23, -7, 0
23, 4, -3
23, 5, -4
24, 2, -10
24, 1, -8
25, -6, -1
25, -7, 2
25, -7, -1
25, 5, 4
25, 6, 2
25, 1, 7
25, 7, 1
25, -1, 7
25, -6, 0
25, 5, -1
25, -2, -4
26, 7, -2
26, 5, -2
26, -2, -9
26, -7, -2
26, -1, 1
26, -3, -6
26, 4, -3
27, -6, -3
27, 9, -1
27, 10, 0
27, 3, 4
27, -5, -1
27, 7, 3
27, -9, -1
27, 1, 8
27, 0, 5
27, 6, -1
27, 0, -9
27, -3, -3
28, -3, -1
28, -6, 2
29, 1, 2
30, -6, -3
30, -4, -7
30, -1, 2

lifespan : 30
12, -2, -4
12, -1, -4
12, 3, -1
12, -1, -3
14, -4, -1
14, 2, 3
14, 0, -3
14, -1, -2
16, -4, -2
16, 1, -1
17, 2, 4
18, -4, -3
19, -1, 0
19, 6, 1
19, 3, 2
19, -1, 1
19, 0, 2
20, 2, -5
20, -4, 0
20, -2, 3
20, 2, 2
21, -4, 3
21, 1, 0
21, -4, -1
21, 4, -2
21, 6, -3
21, -1, -1
22, -6, 3
22, 3, -5
22, -2, 5
22, 3, 0
22, -4, -5
22, 1, -2
23, -10, -2
23, -7, 0
23, 4, -3
23, 5, -4
24, 2, -10
24, 1, -8
25, -6, -1
25, -7, 2
25, -7, -1
25, 5, 4
25, 6, 2
25, 1, 7
25, 7, 1
25, -1, 7
25, -6, 0
25, 5, -1
26, 7, -2
26, -2, -9
26, -7, -2
26, -1, 1
26, -3, -6
27, -6, -3
27, 2, -1
27, 9, -1
27, 10, 0
27, 3, 4
27, -5, -1
27, 7, 3
27, -9, -1
27, 1, 8
27, 6, -1
27, 0, -9
27, -3, -3
30, -6, -3
30, -1, 5
30, -2, -5
30, 6, -1
30, -2, -4

lifespan : 30
12, -2, -4
12, -1, -4
12, 3, -1
12, -1, -3
14, -4, -1
14, 2, 3
14, 0, -3
14, -1, -2
16, -4, -2
16, 1, -1
17, 2, 4
18, -4, -3
19, -1, 0
19, 6, 1
19, 3, 2
19, -1, 1
19, 0, 2
20, 2, -5
20, -4, 0
20, -2, 3
20, 2, 2
21, -4, 3
21, 1, 0
21, -4, -1
21, 4, -2
21, 6, -3
21, -1, -1
22, -6, 3
22, 3, -5
22, -2, 5
22, 3, 0
22, -4, -5
22, 1, -2
23, -10, -2
23, -7, 0
23, 4, -3
23, 5, -4
24, 2, -10
24, 1, -8
25, -6, -1
25, -7, 2
25, -7, -1
25, 5, 4
25, 6, 2
25, 1, 7
25, 7, 1
25, -1, 7
25, -6, 0
25, 5, -1
26, 7, -2
26, -2, -9
26, -7, -2
26, -1, 1
26, -3, -6
27, -6, -3
27, 2, -1
27, 9, -1
27, 10, 0
27, 3, 4
27, -5, -1
27, 7, 3
27, -9, -1
27, 1, 8
27, 6, -1
27, 0, -9
27, -3, -3
30, -6, -3
30, -1, 5
30, -2, -5
30, 6, -1

lifespan : 30
12, -2, -4
12, -1, -4
12, 3, -1
14, -4, -1
14, 2, 3
14, 0, -3
14, -1, -2
16, -4, -2
16, 1, -1
17, 2, 4
18, -4, -3
19, -1, 0
19, 6, 1
19, 3, 2
19, -1, 1
19, 0, 2
20, 2, -5
20, -4, 0
20, -2, 3
20, 2, 2
21, -4, 3
21, 1, 0
21, -4, -1
21, 4, -2
21, 6, -3
21, -1, -1
22, -6, 3
22, 3, -5
22, -2, 5
22, 3, 0
22, -4, -5
22, 1, -2
23, -10, -2
23, -7, 0
23, 4, -3
23, 5, -4
23, -1, -3
24, 2, -10
24, 1, -8
25, -6, -1
25, -7, 2
25, -7, -1
25, 5, 4
25, 6, 2
25, 1, 7
25, 7, 1
25, -1, 7
25, -6, 0
25, 5, -1
26, 7, -2
26, 1, 1
26, -2, -9
26, -7, -2
26, -1, 1
26, -3, -6
27, -6, -3
27, 2, -1
27, 9, -1
27, 10, 0
27, 3, 4
27, -5, -1
27, 7, 3
27, -9, -1
27, 1, 8
27, 0, 5
27, 6, -1
27, 0, -9
27, -7, -4
30, -1, 5

lifespan : 30
12, -2, -4
12, -1, -4
12, 3, -1
12, -1, -3
14, -4, -1
14, 2, 3
14, 0, -3
14, -1, -2
16, -4, -2
16, 1, -1
17, 2, 4
18, -4, -3
19, -1, 0
19, 6, 1
19, 3, 2
19, -1, 1
19, 0, 2
20, 2, -5
20, -4, 0
20, -2, 3
20, 2, 2
21, -4, 3
21, 1, 0
21, -4, -1
21, 4, -2
21, 6, -3
21, -1, -1
22, -6, 3
22, 3, -5
22, -2, 5
22, 3, 0
22, -4, -5
22, 1, -2
23, -10, -2
23, -7, 0
23, 4, -3
23, 5, -4
24, 2, -10
24, 1, -8
25, -6, -1
25, -7, 2
25, -7, -1
25, 5, 4
25, 6, 2
25, 7, 1
25, -1, 7
25, -6, 0
25, 5, -1
26, 7, -2
26, 5, -2
26, -2, -9
26, -7, -2
26, -1, 1
26, -3, -6
27, -6, -3
27, 9, -1
27, 10, 0
27, 3, 4
27, -5, -1
27, 7, 3
27, -9, -1
27, 1, 8
27, 0, 5
27, 6, -1
27, 0, -9
27, -3, -3
27, 5, -3
29, 5, -4
30, -6, -3
30, -1, 5
30, -7, 2

lifespan : 30
12, -2, -4
12, -1, -4
12, 3, -1
14, -4, -1
14, 2, 3
14, 0, -3
14, -1, -2
16, -4, -2
16, 1, -1
17, 2, 4
18, -4, -3
19, -1, 0
19, 6, 1
19, 3, 2
19, -1, 1
19, 0, 2
20, 2, -5
20, -4, 0
20, -2, 3
20, 2, 2
21, -4, 3
21, 1, 0
21, -4, -1
21, 4, -2
21, 6, -3
21, -1, -1
22, -6, 3
22, 3, -5
22, -2, 5
22, 3, 0
22, -4, -5
22, 1, -2
23, -10, -2
23, -7, 0
23, 4, -3
23, 5, -4
23, -1, -3
24, 2, -10
24, 1, -8
25, -6, -1
25, -7, 2
25, -7, -1
25, 5, 4
25, 6, 2
25, 1, 7
25, 7, 1
25, -1, 7
25, -6, 0
25, 5, -1
26, 7, -2
26, 1, 1
26, -2, -9
26, -7, -2
26, -1, 1
26, -3, -6
27, -6, -3
27, 2, -1
27, 9, -1
27, 10, 0
27, 3, 4
27, -5, -1
27, 7, 3
27, -9, -1
27, 1, 8
27, 0, 5
27, 6, -1
27, 0, -9
27, -7, -4
30, -1, 5

lifespan : 30
12, -2, -4
12, -1, -4
12, 3, -1
12, -1, -3
14, -4, -1
14, 2, 3
14, 0, -3
14, -1, -2
16, -4, -2
16, 1, -1
17, 2, 4
18, -4, -3
19, -1, 0
19, 6, 1
19, 3, 2
19, -1, 1
19, 0, 2
20, 2, -5
20, -4, 0
20, -2, 3
20, 2, 2
21, -4, 3
21, 1, 0
21, -4, -1
21, 4, -2
21, 6, -3
21, -1, -1
22, -6, 3
22, 3, -5
22, -2, 5
22, 3, 0
22, -4, -5
22, 1, -2
23, -10, -2
23, -7, 0
23, 4, -3
23, 5, -4
24, 2, -10
24, 1, -8
25, -6, -1
25, -7, 2
25, -7, -1
25, 5, 4
25, 6, 2
25, 1, 7
25, 7, 1
25, -1, 7
25, -6, 0
25, 5, -1
26, 7, -2
26, -2, -9
26, -7, -2
26, -1, 1
26, -3, -6
27, -6, -3
27, 2, -1
27, 9, -1
27, 10, 0
27, 3, 4
27, -5, -1
27, 7, 3
27, -9, -1
27, 1, 8
27, 6, -1
27, 0, -9
27, -3, -3
30, -1, 5
30, -2, -5
30, 6, -1

lifespan : 30
12, -2, -4
12, -1, -4
12, 3, -1
12, -1, -3
14, -4, -1
14, 2, 3
14, 0, -3
14, -1, -2
14, -4, 1
16, -4, -2
16, 1, -1
17, 2, 4
18, -4, -3
19, -1, 0
19, 6, 1
19, 3, 2
19, -1, 1
19, 0, 2
20, 2, -5
20, -4, 0
20, -2, 3
20, 2, 2
21, -4, 3
21, 1, 0
21, -4, -1
21, 4, -2
21, 6, -3
21, -1, -1
21, 0, 1
22, -6, 3
22, 3, -5
22, -2, 5
22, 3, 0
22, -4, -5
22, 1, -2
23, -10, -2
23, -7, 0
23, 4, -3
23, 5, -4
24, 2, -10
24, 1, -8
25, -6, -1
25, -7, 2
25, -7, -1
25, 5, 4
25, 6, 2
25, 1, 7
25, 7, 1
25, -1, 7
25, -6, 0
25, 5, -1
26, 7, -2
26, -2, -9
26, -7, -2
26, -1, 1
26, -3, -6
27, -6, -3
27, 2, -1
27, 9, -1
27, 10, 0
27, 3, 4
27, -5, -1
27, 7, 3
27, -9, -1
27, 6, -1
27, 0, -9
27, -3, -3
30, -6, -3
30, -1, 5
30, -2, -5
30, -1, 2

lifespan : 30
12, -2, -4
12, -1, -4
12, 3, -1
12, -1, -3
14, -4, -1
14, 2, 3
14, 0, -3
14, -1, -2
16, -4, -2
16, 1, -1
17, 2, 4
18, -4, -3
19, -1, 0
19, 6, 1
19, 3, 2
19, -1, 1
19, 0, 2
20, 2, -5
20, -4, 0
20, -2, 3
20, 2, 2
21, -4, 3
21, 1, 0
21, -4, -1
21, 4, -2
21, 6, -3
21, -1, -1
22, -6, 3
22, 3, -5
22, -2, 5
22, 3, 0
22, -4, -5
22, 1, -2
23, -10, -2
23, -7, 0
23, 4, -3
23, 5, -4
24, 2, -10
24, 1, -8
25, -6, -1
25, -7, 2
25, -7, -1
25, 5, 4
25, 6, 2
25, 1, 7
25, 7, 1
25, -1, 7
25, -6, 0
25, 5, -1
25, -2, -4
26, 7, -2
26, 5, -2
26, -2, -9
26, -7, -2
26, -1, 1
26, -3, -6
26, 4, -3
27, -6, -3
27, 2, -1
27, 9, -1
27, 10, 0
27, 3, 4
27, -5, -1
27, 7, 3
27, -9, -1
27, 1, 8
27, 0, 5
27, 0, -9
27, -3, -3
28, -3, -1
28, -6, 2
30, -6, -3

lifespan : 30
12, -2, -4
12, -1, -4
12, 3, -1
14, -4, -1
14, 2, 3
14, 0, -3
14, -1, -2
16, -4, -2
16, 1, -1
17, 2, 4
18, -4, -3
19, -1, 0
19, 6, 1
19, 3, 2
19, -1, 1
19, 0, 2
20, 2, -5
20, -4, 0
20, -2, 3
20, 2, 2
21, -4, 3
21, 1, 0
21, -4, -1
21, 4, -2
21, 6, -3
21, -1, -1
22, -6, 3
22, 3, -5
22, -2, 5
22, 3, 0
22, -4, -5
22, 1, -2
23, -10, -2
23, -7, 0
23, 4, -3
23, 5, -4
24, 2, -10
24, 1, -8
25, -6, -1
25, -7, 2
25, -7, -1
25, 5, 4
25, 6, 2
25, 1, 7
25, 7, 1
25, -1, 7
25, -6, 0
25, 5, -1
26, 5, -2
26, 1, 1
26, -2, -9
26, -7, -2
26, -3, -6
27, -6, -3
27, 2, -1
27, 9, -1
27, 10, 0
27, -5, -1
27, 7, 3
27, -9, -1
27, 1, 8
27, 0, 5
27, 6, -1
27, 0, -9
27, -7, -4
30, -1, 5

lifespan : 30
12, -2, -4
12, -1, -4
12, 3, -1
14, -4, -1
14, 2, 3
14, 0, -3
14, -1, -2
16, -4, -2
16, 1, -1
17, 2, 4
18, -4, -3
19, -1, 0
19, 6, 1
19, 3, 2
19, -1, 1
19, 0, 2
20, 2, -5
20, -4, 0
20, -2, 3
20, 2, 2
21, -4, 3
21, 1, 0
21, -4, -1
21, 4, -2
21, 6, -3
21, -1, -1
22, -6, 3
22, 3, -5
22, -2, 5
22, 3, 0
22, -4, -5
22, 1, -2
23, -10, -2
23, -7, 0
23, 4, -3
23, 5, -4
23, -1, -3
24, 2, -10
24, 1, -8
25, -6, -1
25, -7, 2
25, -7, -1
25, 5, 4
25, 6, 2
25, 1, 7
25, 7, 1
25, -1, 7
25, -6, 0
25, 5, -1
26, 7, -2
26, 1, 1
26, -2, -9
26, -7, -2
26, -1, 1
26, -3, -6
27, -6, -3
27, 2, -1
27, 9, -1
27, 10, 0
27, 3, 4
27, -5, -1
27, 7, 3
27, -9, -1
27, 1, 8
27, 0, 5
27, 6, -1
27, 0, -9
27, -7, -4
30, -1, 5

lifespan : 30
12, -2, -4
12, -1, -4
12, 3, -1
12, -1, -3
14, -4, -1
14, 2, 3
14, 0, -3
14, -1, -2
16, -4, -2
16, 1, -1
17, 2, 4
18, -4, -3
19, -1, 0
19, 6, 1
19, 3, 2
19, -1, 1
19, 0, 2
20, 2, -5
20, -4, 0
20, -2, 3
20, 2, 2
21, -4, 3
21, 1, 0
21, -4, -1
21, 4, -2
21, 6, -3
21, -1, -1
22, -6, 3
22, 3, -5
22, -2, 5
22, 3, 0
22, -4, -5
22, 1, -2
23, -10, -2
23, -7, 0
23, 4, -3
23, 5, -4
24, 2, -10
24, 1, -8
25, -6, -1
25, -7, 2
25, -7, -1
25, 5, 4
25, 6, 2
25, 7, 1
25, -1, 7
25, -6, 0
25, 5, -1
26, 7, -2
26, 5, -2
26, -2, -9
26, -7, -2
26, -1, 1
26, -3, -6
27, -6, -3
27, 9, -1
27, 10, 0
27, 3, 4
27, -5, -1
27, 7, 3
27, -9, -1
27, 1, 8
27, 0, 5
27, 6, -1
27, 0, -9
27, -3, -3
30, -6, -3
30, -1, 5
30, -7, 2

lifespan : 30
12, -2, -4
12, -1, -4
12, 3, -1
14, -4, -1
14, 2, 3
14, 0, -3
14, -1, -2
16, -4, -2
16, 1, -1
17, 2, 4
18, -4, -3
19, -1, 0
19, 6, 1
19, 3, 2
19, -1, 1
19, 0, 2
20, 2, -5
20, -4, 0
20, -2, 3
20, 2, 2
21, -4, 3
21, 1, 0
21, -4, -1
21, 4, -2
21, 6, -3
21, -1, -1
22, -6, 3
22, 3, -5
22, -2, 5
22, 3, 0
22, -4, -5
22, 1, -2
23, -10, -2
23, -7, 0
23, 4, -3
23, 5, -4
23, -1, -3
24, 2, -10
24, 1, -8
25, -6, -1
25, -7, 2
25, -7, -1
25, 5, 4
25, 6, 2
25, 1, 7
25, 7, 1
25, -1, 7
25, -6, 0
25, 5, -1
26, 7, -2
26, 1, 1
26, -2, -9
26, -7, -2
26, -1, 1
26, -3, -6
27, -6, -3
27, 2, -1
27, 9, -1
27, 10, 0
27, 3, 4
27, -5, -1
27, 7, 3
27, -9, -1
27, 1, 8
27, 0, 5
27, 6, -1
27, 0, -9
27, -7, -4
30, -1, 5

lifespan : 30
12, -2, -4
12, -1, -4
12, 3, -1
12, -1, -3
14, -4, -1
14, 2, 3
14, 0, -3
14, -1, -2
16, -4, -2
16, 1, -1
17, 2, 4
18, -4, -3
19, -1, 0
19, 6, 1
19, 3, 2
19, -1, 1
19, 0, 2
20, 2, -5
20, -4, 0
20, -2, 3
20, 2, 2
21, -4, 3
21, 1, 0
21, -4, -1
21, 4, -2
21, 6, -3
21, -1, -1
22, -6, 3
22, 3, -5
22, -2, 5
22, 3, 0
22, -4, -5
22, 1, -2
23, -10, -2
23, -7, 0
23, 4, -3
23, 5, -4
24, 2, -10
24, 1, -8
25, -6, -1
25, -7, 2
25, -7, -1
25, 5, 4
25, 6, 2
25, 7, 1
25, -1, 7
25, -6, 0
25, 5, -1
26, 7, -2
26, 5, -2
26, -2, -9
26, -7, -2
26, -1, 1
26, -3, -6
26, 4, -3
27, -6, -3
27, 9, -1
27, 10, 0
27, 3, 4
27, -5, -1
27, 7, 3
27, -9, -1
27, 1, 8
27, 0, 5
27, 6, -1
27, 0, -9
27, -3, -3
28, -3, -1
30, -6, -3
30, 5, 1

lifespan : 30
12, -2, -4
12, -1, -4
12, 3, -1
14, -4, -1
14, 2, 3
14, 0, -3
14, -1, -2
16, -4, -2
16, 1, -1
17, 2, 4
18, -4, -3
19, -1, 0
19, 6, 1
19, 3, 2
19, -1, 1
19, 0, 2
20, 2, -5
20, -4, 0
20, -2, 3
20, 2, 2
21, -4, 3
21, 1, 0
21, -4, -1
21, 4, -2
21, 6, -3
21, -1, -1
22, -6, 3
22, 3, -5
22, -2, 5
22, 3, 0
22, -4, -5
22, 1, -2
23, -10, -2
23, -7, 0
23, 4, -3
23, 5, -4
23, -1, -3
24, 2, -10
24, 1, -8
25, -6, -1
25, -7, 2
25, -7, -1
25, 5, 4
25, 6, 2
25, 1, 7
25, 7, 1
25, -1, 7
25, -6, 0
25, 5, -1
26, 7, -2
26, 1, 1
26, -2, -9
26, -7, -2
26, -1, 1
26, -3, -6
27, -6, -3
27, 2, -1
27, 9, -1
27, 10, 0
27, 3, 4
27, -5, -1
27, 7, 3
27, -9, -1
27, 1, 8
27, 0, 5
27, 6, -1
27, 0, -9
27, -7, -4
30, -1, 5
30, 3, -4

lifespan : 30
12, -2, -4
12, -1, -4
12, 3, -1
14, -4, -1
14, 2, 3
14, 0, -3
14, -1, -2
16, -4, -2
16, 1, -1
17, 2, 4
18, -4, -3
19, -1, 0
19, 6, 1
19, 3, 2
19, -1, 1
19, 0, 2
20, 2, -5
20, -4, 0
20, -2, 3
20, 2, 2
21, -4, 3
21, 1, 0
21, -4, -1
21, 4, -2
21, 6, -3
21, -1, -1
22, -6, 3
22, 3, -5
22, -2, 5
22, 3, 0
22, -4, -5
22, 1, -2
23, -10, -2
23, -7, 0
23, 4, -3
23, 5, -4
24, 2, -10
24, 1, -8
25, -6, -1
25, -7, 2
25, -7, -1
25, 5, 4
25, 6, 2
25, 1, 7
25, 7, 1
25, -1, 7
25, -6, 0
25, 5, -1
25, -2, -4
26, 7, -2
26, 5, -2
26, -2, -9
26, -7, -2
26, -1, 1
26, -3, -6
26, 4, -3
27, -6, -3
27, 2, -1
27, 9, -1
27, 10, 0
27, 3, 4
27, -5, -1
27, 7, 3
27, -9, -1
27, 1, 8
27, 0, 5
27, 6, -1
27, 0, -9
27, -3, -3
28, -3, -1
28, -6, 2
30, -6, -3
30, -4, -7
30, -1, 6

lifespan : 30
12, -2, -4
12, -1, -4
12, 3, -1
14, -4, -1
14, 2, 3
14, 0, -3
14, -1, -2
16, -4, -2
16, 1, -1
17, 2, 4
18, -4, -3
19, -1, 0
19, 6, 1
19, 3, 2
19, -1, 1
19, 0, 2
20, 2, -5
20, -4, 0
20, -2, 3
20, 2, 2
21, -4, 3
21, 1, 0
21, -4, -1
21, 4, -2
21, 6, -3
21, -1, -1
22, -6, 3
22, 3, -5
22, -2, 5
22, 3, 0
22, -4, -5
22, 1, -2
23, -10, -2
23, -7, 0
23, 4, -3
23, 5, -4
23, -1, -3
24, 2, -10
24, 1, -8
25, -6, -1
25, -7, 2
25, -7, -1
25, 5, 4
25, 6, 2
25, 1, 7
25, 7, 1
25, -1, 7
25, -6, 0
25, 5, -1
26, 7, -2
26, 1, 1
26, -2, -9
26, -7, -2
26, -1, 1
26, -3, -6
27, -6, -3
27, 2, -1
27, 9, -1
27, 10, 0
27, 3, 4
27, -5, -1
27, 7, 3
27, -9, -1
27, 1, 8
27, 0, 5
27, 6, -1
27, 0, -9
27, -7, -4
30, -1, 5

lifespan : 30
12, -2, -4
12, -1, -4
12, 3, -1
12, -1, -3
14, -4, -1
14, 2, 3
14, 0, -3
14, -1, -2
16, -4, -2
16, 1, -1
17, 2, 4
18, -4, -3
19, -1, 0
19, 6, 1
19, 3, 2
19, -1, 1
19, 0, 2
20, 2, -5
20, -4, 0
20, -2, 3
20, 2, 2
21, -4, 3
21, 1, 0
21, -4, -1
21, 4, -2
21, 6, -3
21, -1, -1
21, 0, 1
22, -6, 3
22, 3, -5
22, -2, 5
22, 3, 0
22, -4, -5
22, 1, -2
23, -10, -2
23, -7, 0
23, 4, -3
23, 5, -4
24, 2, -10
24, 1, -8
25, -6, -1
25, -7, 2
25, -7, -1
25, 5, 4
25, 6, 2
25, 1, 7
25, 7, 1
25, -1, 7
25, -6, 0
25, 5, -1
26, 7, -2
26, -2, -9
26, -7, -2
26, -1, 1
26, -3, -6
27, -6, -3
27, 2, -1
27, 9, -1
27, 10, 0
27, 3, 4
27, -5, -1
27, 7, 3
27, -9, -1
27, 6, -1
27, 0, -9
27, -3, -3
30, -6, -3
30, -1, 5
30, -2, -5
30, 6, -1
30, -1, 2

lifespan : 30
12, -2, -4
12, -1, -4
12, 3, -1
12, -1, -3
14, -4, -1
14, 2, 3
14, 0, -3
14, -1, -2
16, -4, -2
16, 1, -1
17, 2, 4
18, -4, -3
19, -1, 0
19, 6, 1
19, 3, 2
19, -1, 1
19, 0, 2
20, 2, -5
20, -4, 0
20, -2, 3
20, 2, 2
21, -4, 3
21, 1, 0
21, -4, -1
21, 4, -2
21, 6, -3
21, -1, -1
22, -6, 3
22, 3, -5
22, -2, 5
22, 3, 0
22, -4, -5
22, 1, -2
23, -10, -2
23, -7, 0
23, 4, -3
23, 5, -4
24, 2, -10
24, 1, -8
25, -6, -1
25, -7, 2
25, -7, -1
25, 5, 4
25, 6, 2
25, 7, 1
25, -1, 7
25, -6, 0
25, 5, -1
26, 7, -2
26, -2, -9
26, -7, -2
26, -1, 1
26, -3, -6
27, -6, -3
27, 2, -1
27, 9, -1
27, 10, 0
27, 3, 4
27, -5, -1
27, 7, 3
27, -9, -1
27, 1, 8
27, 0, 5
27, 6, -1
27, 0, -9
27, -3, -3
28, -3, -1
30, -6, -3
30, 0, -2
