SproutLife Genome
V1

seedType : Bentline1 to R-Pentomino
competitiveMode : competitive2
maxLifespan : 75
targetLifespan : 30
minAgeToHaveChildren : 0
mutationRate : 3
sproutDelayedMode : false
primaryHueDegrees : 0
hueRange : 200

Saved Organisms : 20

lifespan : 29
12, -2, -4
12, -1, -4
12, 3, -1
12, -1, -3
14, -4, -1
14, 2, 3
14, 0, -3
14, -1, -2
16, 1, -1
16, -4, -2
17, 2, 4
18, -4, -3
18, -4, -2
18, 1, -1
19, -1, 0
19, 6, 1
19, 3, 2
19, -1, 1
20, 2, -5
20, -4, 0
20, -2, 3
20, -1, 2
20, 2, 2
21, -4, 3
21, 1, 0
21, 0, -1
21, -4, -1
21, 4, -2
21, 6, -3
22, -6, 3
22, 3, -5
22, -2, 5
22, -2, 3
22, -4, -5
22, 3, 0
23, -10, -2
23, -7, 0
23, 5, -4
23, 4, -3
24, 0, 8
24, 2, -10
25, -6, -1
25, -7, 2
25, -3, -3
25, -7, -1
25, 5, 4
25, -10, -1
25, 6, 2
25, 1, 7
25, 7, 1
26, -3, -6
26, 1, -9
26, -7, -2
27, 1, -13
27, -6, -3
27, -4, 3
27, -2, 3
27, 2, -1
27, 9, -1
27, 4, 4
27, 10, 0
27, 3, 4
27, -5, -1
27, 6, 2
27, 4, -6
27, -5, 2
27, -2, -5
27, 7, 3
27, -9, -1
28, 3, -7
28, -5, -5
29, -7, 3
29, 3, 2

lifespan : 30
12, -2, -4
12, -1, -4
12, 3, -1
12, -1, -3
14, -4, -1
14, 2, 3
14, 0, -3
14, -1, -2
16, 1, -1
16, -4, -2
17, 2, 4
18, -4, -3
18, -4, -2
19, -1, 0
19, 6, 1
19, 3, 2
19, -1, 1
20, 2, -5
20, -4, 0
20, -2, 3
20, -1, 2
20, 2, 2
21, -4, 3
21, 1, 0
21, 0, -1
21, -4, -1
21, 4, -2
21, 6, -3
22, -6, 3
22, 3, -5
22, -2, 5
22, -2, 3
22, -4, -5
22, 3, 0
23, -10, -2
23, -7, 0
23, 5, -4
23, 4, -3
24, 0, 8
24, 2, -10
24, 0, 0
25, -6, -1
25, -7, 2
25, -3, -3
25, -7, -1
25, 5, 4
25, -10, -1
25, 6, 2
25, 1, 7
25, 7, 1
26, -3, -6
26, 1, -9
26, -7, -2
27, 1, -13
27, -6, -3
27, -4, 3
27, -2, 3
27, 2, -1
27, 9, -1
27, 4, 4
27, 10, 0
27, 3, 4
27, -5, -1
27, 6, 2
27, 4, -6
27, -5, 2
27, -2, -5
27, 7, 3
27, -9, -1
28, -5, 4
28, 3, -7
28, -7, 3
29, -7, 3
29, -5, -5
29, 3, 2
29, -3, 7
30, 10, -2
30, 1, -3
30, -2, 4

lifespan : 29
12, -2, -4
12, -1, -4
12, 3, -1
12, -1, -3
14, -4, -1
14, 2, 3
14, 0, -3
14, -1, -2
16, 1, -1
16, -4, -2
17, 2, 4
18, -4, -3
18, -4, -2
19, -1, 0
19, 6, 1
19, 3, 2
19, -1, 1
20, 2, -5
20, -4, 0
20, -2, 3
20, -1, 2
20, 2, 2
21, -4, 3
21, 1, 0
21, 0, -1
21, -4, -1
21, 4, -2
21, 6, -3
22, -6, 3
22, 3, -5
22, -2, 5
22, -2, 3
22, -4, -5
22, 3, 0
23, -10, -2
23, -7, 0
23, 5, -4
23, 4, -3
23, 0, 4
24, 0, 8
24, 2, -10
25, -6, -1
25, -7, 2
25, -3, -3
25, -7, -1
25, 5, 4
25, -10, -1
25, 6, 2
25, 1, 7
25, 7, 1
26, -3, -6
26, 1, -9
26, -7, -2
27, 1, -13
27, -6, -3
27, -4, 3
27, -2, 3
27, 2, -1
27, 9, -1
27, 4, 4
27, 10, 0
27, 3, 4
27, -5, -1
27, 6, 2
27, 4, -6
27, -5, 2
27, -2, -5
27, 7, 3
27, -9, -1
28, -5, 4
28, -2, -1
29, -7, 3
29, -5, -5
29, 3, 2

lifespan : 30
12, -2, -4
12, -1, -4
12, 3, -1
12, -1, -3
14, -4, -1
14, 2, 3
14, 0, -3
14, -1, -2
16, 1, -1
16, -4, -2
17, 2, 4
18, -4, -3
18, -4, -2
18, -1, 1
19, -1, 0
19, 6, 1
19, 3, 2
20, 2, -5
20, -4, 0
20, -2, 3
20, -1, 2
20, 2, 2
21, -4, 3
21, 1, 0
21, 0, -1
21, -4, -1
21, 4, -2
21, 6, -3
22, -6, 3
22, 3, -5
22, -2, 5
22, -2, 3
22, -4, -5
22, 3, 0
23, -10, -2
23, -7, 0
23, 5, -4
23, 4, -3
24, 0, 8
24, 2, -10
24, 0, 0
25, -6, -1
25, -7, 2
25, -3, -3
25, -7, -1
25, 5, 4
25, -10, -1
25, 6, 2
25, 1, 7
25, 7, 1
26, -3, -6
26, 1, -9
26, -7, -2
27, 1, -13
27, -6, -3
27, -4, 3
27, -2, 3
27, 2, -1
27, 9, -1
27, 4, 4
27, 10, 0
27, 3, 4
27, -5, -1
27, 6, 2
27, 4, -6
27, -5, 2
27, -2, -5
27, 7, 3
27, -9, -1
28, -5, 4
28, 3, -7
29, -7, 3
29, -5, -5
29, 3, 2
29, -10, 1
30, 10, -2
30, 1, -3
30, -2, 4
30, 7, 5

lifespan : 30
12, -2, -4
12, -1, -4
12, 3, -1
12, -1, -3
14, -4, -1
14, 2, 3
14, 0, -3
14, -1, -2
16, 1, -1
16, -4, -2
17, 2, 4
18, -4, -3
18, -4, -2
19, -1, 0
19, 6, 1
19, 3, 2
19, -1, 1
20, 2, -5
20, -4, 0
20, -2, 3
20, -1, 2
20, 2, 2
21, -4, 3
21, 1, 0
21, 0, -1
21, -4, -1
21, 4, -2
21, 6, -3
22, -6, 3
22, 3, -5
22, -2, 5
22, -2, 3
22, -4, -5
22, 3, 0
23, -10, -2
23, -7, 0
23, 5, -4
23, 4, -3
24, 0, 8
24, 2, -10
25, -6, -1
25, -7, 2
25, -3, -3
25, -7, -1
25, 5, 4
25, -10, -1
25, 6, 2
25, 1, 7
25, 7, 1
26, -3, -6
26, 1, -9
26, -7, -2
27, 1, -13
27, -6, -3
27, -4, 3
27, -2, 3
27, 2, -1
27, 9, -1
27, 4, 4
27, 10, 0
27, 3, 4
27, -5, -1
27, 6, 2
27, 4, -6
27, -5, 2
27, -2, -5
27, 7, 3
27, -9, -1
28, 3, -7
29, -7, 3
29, -5, -5
29, 3, 2
30, 10, -2
30, 1, -3
30, -2, 4

lifespan : 30
12, -2, -4
12, -1, -4
12, 3, -1
12, -1, -3
14, -4, -1
14, 2, 3
14, 0, -3
14, -1, -2
16, 1, -1
16, -4, -2
17, 2, 4
18, -4, -3
18, -4, -2
19, -1, 0
19, 6, 1
19, 3, 2
19, -1, 1
20, 2, -5
20, -4, 0
20, -2, 3
20, -1, 2
20, 2, 2
21, -4, 3
21, 1, 0
21, 0, -1
21, -4, -1
21, 4, -2
21, 6, -3
22, -6, 3
22, 3, -5
22, -2, 5
22, -2, 3
22, -4, -5
22, 3, 0
23, -10, -2
23, -7, 0
23, 5, -4
23, 4, -3
24, 0, 8
24, 2, -10
25, -6, -1
25, -7, 2
25, -3, -3
25, -7, -1
25, 5, 4
25, -10, -1
25, 6, 2
25, 1, 7
25, 7, 1
26, -3, -6
26, 1, -9
26, -7, -2
27, 1, -13
27, -6, -3
27, -4, 3
27, -2, 3
27, 2, -1
27, 9, -1
27, 4, 4
27, 10, 0
27, 3, 4
27, -5, -1
27, 6, 2
27, 4, -6
27, -5, 2
27, -2, -5
27, 7, 3
27, -9, -1
28, -5, 4
29, -7, 3
29, -5, -5
29, 3, 2
30, 10, -2
30, 1, -3
30, 7, 5

lifespan : 30
12, -2, -4
12, -1, -4
12, 3, -1
12, -1, -3
14, -4, -1
14, 2, 3
14, 0, -3
14, -1, -2
16, 1, -1
16, -4, -2
17, 2, 4
18, -4, -3
18, -4, -2
18, -1, 1
19, -1, 0
19, 6, 1
19, 3, 2
20, 2, -5
20, -4, 0
20, -2, 3
20, -1, 2
20, 2, 2
21, -4, 3
21, 1, 0
21, 0, -1
21, -4, -1
21, 4, -2
21, 6, -3
22, -6, 3
22, 3, -5
22, -2, 5
22, -2, 3
22, -4, -5
22, 3, 0
23, -10, -2
23, -7, 0
23, 5, -4
23, 4, -3
24, 0, 8
24, 2, -10
24, 0, 0
25, -6, -1
25, -7, 2
25, -3, -3
25, -7, -1
25, 5, 4
25, -10, -1
25, 6, 2
25, 1, 7
25, 7, 1
26, -3, -6
26, 1, -9
26, -7, -2
27, 1, -13
27, -6, -3
27, -4, 3
27, -2, 3
27, 2, -1
27, 9, -1
27, 4, 4
27, 10, 0
27, 3, 4
27, -5, -1
27, 6, 2
27, 4, -6
27, -5, 2
27, -2, -5
27, 7, 3
27, -9, -1
28, -5, 4
28, 3, -7
29, -7, 3
29, -5, -5
29, 3, 2
29, -10, 1
30, 10, -2
30, 1, -3
30, -2, 4
30, 7, 5

lifespan : 30
12, -2, -4
12, -1, -4
12, 3, -1
12, -1, -3
14, -4, -1
14, 2, 3
14, 0, -3
14, -1, -2
16, 1, -1
16, -4, -2
17, 2, 4
18, -4, -3
18, -4, -2
19, -1, 0
19, 6, 1
19, 3, 2
19, -1, 1
20, 2, -5
20, -4, 0
20, -2, 3
20, -1, 2
20, 2, 2
21, -4, 3
21, 1, 0
21, 0, -1
21, -4, -1
21, 4, -2
21, 6, -3
22, -6, 3
22, 3, -5
22, -2, 5
22, -2, 3
22, -4, -5
22, 3, 0
23, -10, -2
23, -7, 0
23, 5, -4
23, 4, -3
24, 0, 8
24, 2, -10
25, -6, -1
25, -7, 2
25, -3, -3
25, -7, -1
25, 5, 4
25, -10, -1
25, 6, 2
25, 1, 7
25, 7, 1
26, -3, -6
26, 1, -9
26, -7, -2
27, 1, -13
27, -6, -3
27, -4, 3
27, -2, 3
27, 2, -1
27, 9, -1
27, 4, 4
27, 10, 0
27, 3, 4
27, -5, -1
27, 6, 2
27, 4, -6
27, -5, 2
27, -2, -5
27, 7, 3
27, -9, -1
28, -5, 4
29, -7, 3
29, -5, -5
29, -8, -3
30, 10, -2
30, 7, 5

lifespan : 30
12, -2, -4
12, -1, -4
12, 3, -1
12, -1, -3
14, -4, -1
14, 2, 3
14, 0, -3
14, -1, -2
16, 1, -1
16, -4, -2
17, 2, 4
18, -4, -3
18, -4, -2
19, -1, 0
19, 6, 1
19, 3, 2
19, -1, 1
20, 2, -5
20, -4, 0
20, -2, 3
20, -1, 2
20, 2, 2
21, -4, 3
21, 1, 0
21, 0, -1
21, -4, -1
21, 4, -2
21, 6, -3
22, -6, 3
22, 3, -5
22, -2, 5
22, -2, 3
22, -4, -5
22, 3, 0
23, -10, -2
23, -7, 0
23, 5, -4
23, 4, -3
24, 0, 8
24, 2, -10
24, 0, 0
25, -6, -1
25, -7, 2
25, -3, -3
25, -7, -1
25, 5, 4
25, -10, -1
25, 6, 2
25, 1, 7
25, 7, 1
26, -3, -6
26, 1, -9
26, -7, -2
27, 1, -13
27, -6, -3
27, -4, 3
27, -2, 3
27, 2, -1
27, 9, -1
27, 4, 4
27, 10, 0
27, 3, 4
27, -5, -1
27, 6, 2
27, 4, -6
27, -5, 2
27, -2, -5
27, 7, 3
27, -9, -1
28, 3, -7
28, -7, 3
29, -7, 3
29, -5, -5
29, 3, 2
29, -3, 7
30, 10, -2
30, 1, -3
30, -2, 4

lifespan : 30
12, -2, -4
12, -1, -4
12, 3, -1
12, -1, -3
14, -4, -1
14, 2, 3
14, 0, -3
14, -1, -2
16, 1, -1
16, -4, -2
18, -4, -3
18, -4, -2
19, -1, 0
19, 6, 1
19, 3, 2
19, -1, 1
20, 2, -5
20, -4, 0
20, -2, 3
20, -1, 2
20, 2, 2
21, -4, 3
21, 1, 0
21, 0, -1
21, -4, -1
21, 4, -2
21, 6, -3
22, -6, 3
22, 3, -5
22, -2, 5
22, -2, 3
22, -4, -5
22, 3, 0
23, -10, -2
23, -7, 0
23, 5, -4
23, 4, -3
24, 0, 8
24, 2, -10
25, -6, -1
25, -7, 2
25, -3, -3
25, -7, -1
25, 5, 4
25, -10, -1
25, 6, 2
25, 1, 7
25, 7, 1
26, -3, -6
26, 1, -9
26, -7, -2
27, 1, -13
27, -6, -3
27, -4, 3
27, -2, 3
27, 2, -1
27, 9, -1
27, 4, 4
27, 10, 0
27, 3, 4
27, -5, -1
27, 6, 2
27, 4, -6
27, -5, 2
27, -2, -5
27, 7, 3
27, -9, -1
28, 3, -7
28, -5, -5
29, -7, 3
29, 3, 2
30, 10, -2
30, 1, -3
30, -2, 4
30, 7, 5

lifespan : 30
12, -2, -4
12, -1, -4
12, 3, -1
12, -1, -3
14, -4, -1
14, 2, 3
14, 0, -3
14, -1, -2
16, 1, -1
16, -4, -2
17, 2, 4
18, -4, -3
18, -4, -2
19, -1, 0
19, 6, 1
19, 3, 2
19, -1, 1
20, 2, -5
20, -4, 0
20, -2, 3
20, -1, 2
20, 2, 2
21, -4, 3
21, 1, 0
21, 0, -1
21, -4, -1
21, 4, -2
21, 6, -3
22, -6, 3
22, 3, -5
22, -2, 5
22, -2, 3
22, -4, -5
22, 3, 0
23, -10, -2
23, -7, 0
23, 5, -4
23, 4, -3
24, 0, 8
24, 2, -10
24, 0, 0
25, -6, -1
25, -7, 2
25, -3, -3
25, -7, -1
25, 5, 4
25, -10, -1
25, 6, 2
25, 1, 7
25, 7, 1
26, -3, -6
26, 1, -9
26, -7, -2
27, 1, -13
27, -6, -3
27, -4, 3
27, -2, 3
27, 2, -1
27, 9, -1
27, 4, 4
27, 10, 0
27, 3, 4
27, -5, -1
27, 6, 2
27, 4, -6
27, -5, 2
27, -2, -5
27, 7, 3
27, -9, -1
28, -5, 4
28, 3, -7
28, -7, 3
29, -7, 3
29, -5, -5
29, 3, 2
29, -3, 7
30, 10, -2
30, 1, -3
30, -2, 4

lifespan : 30
12, -2, -4
12, -1, -4
12, 3, -1
14, -4, -1
14, 2, 3
14, 0, -3
14, -1, -2
16, 1, -1
16, -4, -2
17, 2, 4
18, -4, -3
18, -4, -2
19, -1, 0
19, 6, 1
19, 3, 2
19, -1, 1
20, 2, -5
20, -4, 0
20, -2, 3
20, -1, 2
20, 2, 2
21, -4, 3
21, 1, 0
21, 0, -1
21, -4, -1
21, 4, -2
21, 6, -3
22, -6, 3
22, 3, -5
22, -2, 5
22, -2, 3
22, -4, -5
22, 3, 0
23, -10, -2
23, -7, 0
23, 5, -4
23, 4, -3
24, 0, 8
24, 2, -10
25, -6, -1
25, -7, 2
25, -3, -3
25, -7, -1
25, 5, 4
25, -10, -1
25, 6, 2
25, 1, 7
25, 7, 1
26, -3, -6
26, 1, -9
26, -7, -2
26, 4, 0
27, 1, -13
27, -6, -3
27, -4, 3
27, -2, 3
27, 2, -1
27, 9, -1
27, 4, 4
27, 10, 0
27, 3, 4
27, -5, -1
27, 6, 2
27, 4, -6
27, -5, 2
27, -2, -5
27, 7, 3
27, -9, -1
28, 3, -7
29, -7, 3
29, -5, -5
29, 3, 2
29, 8, 2
29, -5, 4
30, 10, -2
30, 1, -3
30, -2, 4
30, 7, 5

lifespan : 30
12, -2, -4
12, -1, -4
12, 3, -1
12, -1, -3
14, -4, -1
14, 2, 3
14, 0, -3
14, -1, -2
16, 1, -1
16, -4, -2
17, 2, 4
18, -4, -3
18, -4, -2
19, -1, 0
19, 6, 1
19, 3, 2
19, -1, 1
20, 2, -5
20, -4, 0
20, -2, 3
20, -1, 2
20, 2, 2
21, -4, 3
21, 1, 0
21, 0, -1
21, -4, -1
21, 4, -2
21, 6, -3
22, -6, 3
22, 3, -5
22, -2, 5
22, -2, 3
22, -4, -5
22, 3, 0
23, -10, -2
23, -7, 0
23, 5, -4
23, 4, -3
24, 0, 8
24, 2, -10
24, 0, 0
25, -6, -1
25, -7, 2
25, -3, -3
25, -7, -1
25, 5, 4
25, -10, -1
25, 6, 2
25, 1, 7
25, 7, 1
26, -3, -6
26, 1, -9
26, -7, -2
27, 1, -13
27, -6, -3
27, -4, 3
27, -2, 3
27, 2, -1
27, 9, -1
27, 4, 4
27, 10, 0
27, 3, 4
27, -5, -1
27, 6, 2
27, 4, -6
27, -5, 2
27, -2, -5
27, 7, 3
27, -9, -1
28, 3, -7
28, -7, 3
29, -7, 3
29, -5, -5
29, 3, 2
29, -3, 7
30, 10, -2
30, 1, -3
30, -2, 4

lifespan : 30
12, -2, -4
12, -1, -4
12, 3, -1
12, -1, -3
14, -4, -1
14, 2, 3
14, 0, -3
14, -1, -2
16, 1, -1
16, -4, -2
17, 2, 4
18, -4, -3
18, -4, -2
18, -1, 1
19, -1, 0
19, 6, 1
19, 3, 2
20, 2, -5
20, -4, 0
20, -2, 3
20, -1, 2
20, 2, 2
21, -4, 3
21, 1, 0
21, 0, -1
21, -4, -1
21, 4, -2
21, 6, -3
22, -6, 3
22, 3, -5
22, -2, 5
22, -2, 3
22, -4, -5
22, 3, 0
23, -10, -2
23, -7, 0
23, 5, -4
23, 4, -3
24, 0, 8
24, 2, -10
24, 0, 0
25, -6, -1
25, -7, 2
25, -3, -3
25, -7, -1
25, 5, 4
25, -10, -1
25, 6, 2
25, 1, 7
25, 7, 1
26, -3, -6
26, 1, -9
26, -7, -2
27, 1, -13
27, -6, -3
27, -4, 3
27, -2, 3
27, 2, -1
27, 9, -1
27, 4, 4
27, 10, 0
27, 3, 4
27, -5, -1
27, 6, 2
27, 4, -6
27, -5, 2
27, -2, -5
27, 7, 3
27, -9, -1
28, -5, 4
28, 3, -7
29, -7, 3
29, -5, -5
29, 3, 2
29, -10, 1
30, 10, -2
30, 1, -3
30, -2, 4
30, 7, 5

lifespan : 29
12, -2, -4
12, -1, -4
12, 3, -1
12, -1, -3
14, -4, -1
14, 2, 3
14, 0, -3
14, -1, -2
16, 1, -1
16, -4, -2
17, 2, 4
18, -4, -3
18, -4, -2
19, -1, 0
19, 6, 1
19, 3, 2
19, -1, 1
20, 2, -5
20, -4, 0
20, -2, 3
20, -1, 2
20, 2, 2
21, -4, 3
21, 1, 0
21, 0, -1
21, -4, -1
21, 4, -2
21, 6, -3
22, -6, 3
22, 3, -5
22, -2, 5
22, -2, 3
22, -4, -5
22, 3, 0
23, -10, -2
23, -7, 0
23, 5, -4
23, 4, -3
24, 0, 8
24, 2, -10
25, -6, -1
25, -7, 2
25, -3, -3
25, -7, -1
25, 5, 4
25, -10, -1
25, 6, 2
25, 1, 7
25, 7, 1
26, -3, -6
26, 1, -9
26, -7, -2
27, 1, -13
27, -6, -3
27, -2, 3
27, 2, -1
27, 9, -1
27, 4, 4
27, 10, 0
27, 3, 4
27, -5, -1
27, 6, 2
27, 4, -6
27, -5, 2
27, -2, -5
27, 7, 3
27, -9, -1
28, -5, 4
29, -7, 3
29, -5, -5
29, 3, 2
29, 5, 0

lifespan : 30
12, -2, -4
12, -1, -4
12, 3, -1
12, -1, -3
14, -4, -1
14, 2, 3
14, 0, -3
14, -1, -2
16, 1, -1
16, -4, -2
17, 2, 4
18, -4, -3
18, -4, -2
19, -1, 0
19, 6, 1
19, 3, 2
19, -1, 1
20, 2, -5
20, -4, 0
20, -2, 3
20, -1, 2
20, 2, 2
21, -4, 3
21, 1, 0
21, 0, -1
21, -4, -1
21, 4, -2
21, 6, -3
22, -6, 3
22, 3, -5
22, -2, 5
22, -2, 3
22, -4, -5
22, 3, 0
23, -10, -2
23, -7, 0
23, 5, -4
23, 4, -3
24, 0, 8
24, 2, -10
25, -6, -1
25, -7, 2
25, -3, -3
25, -7, -1
25, 5, 4
25, -10, -1
25, 6, 2
25, 1, 7
25, 7, 1
26, -3, -6
26, 1, -9
26, -7, -2
27, 1, -13
27, -6, -3
27, -4, 3
27, -2, 3
27, 2, -1
27, 9, -1
27, 4, 4
27, 10, 0
27, 3, 4
27, -5, -1
27, 6, 2
27, 4, -6
27, -5, 2
27, -2, -5
27, 7, 3
27, -9, -1
28, 3, -7
28, -5, -5
29, -7, 3
29, 3, 2
30, 10, -2
30, 1, -3
30, -2, 4
30, 7, 5

lifespan : 30
12, -2, -4
12, -1, -4
12, 3, -1
12, -1, -3
14, -4, -1
14, 2, 3
14, 0, -3
14, -1, -2
16, 1, -1
16, -4, -2
17, 2, 4
18, -4, -3
18, -4, -2
18, -1, 1
19, -1, 0
19, 6, 1
19, 3, 2
20, 2, -5
20, -4, 0
20, -2, 3
20, -1, 2
20, 2, 2
21, -4, 3
21, 1, 0
21, 0, -1
21, -4, -1
21, 4, -2
21, 6, -3
22, -6, 3
22, 3, -5
22, -2, 5
22, -2, 3
22, -4, -5
22, 3, 0
23, -10, -2
23, -7, 0
23, 5, -4
23, 4, -3
24, 0, 8
24, 2, -10
24, 0, 0
25, -6, -1
25, -7, 2
25, -3, -3
25, -7, -1
25, 5, 4
25, -10, -1
25, 6, 2
25, 1, 7
25, 7, 1
26, -3, -6
26, 1, -9
26, -7, -2
27, 1, -13
27, -6, -3
27, -4, 3
27, -2, 3
27, 2, -1
27, 9, -1
27, 4, 4
27, 10, 0
27, 3, 4
27, -5, -1
27, 6, 2
27, 4, -6
27, -5, 2
27, -2, -5
27, 7, 3
27, -9, -1
28, -5, 4
28, 3, -7
29, -7, 3
29, -5, -5
29, 3, 2
29, -10, 1
30, 10, -2
30, 1, -3
30, -2, 4
30, 7, 5

lifespan : 30
12, -2, -4
12, -1, -4
12, 3, -1
12, -1, -3
14, -4, -1
14, 2, 3
14, 0, -3
14, -1, -2
16, 1, -1
16, -4, -2
17, 2, 4
18, -4, -3
18, -4, -2
18, -1, 1
19, -1, 0
19, 6, 1
19, 3, 2
20, 2, -5
20, -4, 0
20, -2, 3
20, -1, 2
20, 2, 2
21, -4, 3
21, 1, 0
21, 0, -1
21, -4, -1
21, 4, -2
21, 6, -3
22, -6, 3
22, 3, -5
22, -2, 5
22, -2, 3
22, -4, -5
22, 3, 0
23, -10, -2
23, -7, 0
23, 5, -4
23, 4, -3
24, 0, 8
24, 2, -10
24, 0, 0
25, -6, -1
25, -7, 2
25, -3, -3
25, -7, -1
25, 5, 4
25, -10, -1
25, 6, 2
25, 1, 7
25, 7, 1
26, -3, -6
26, 1, -9
26, -7, -2
27, 1, -13
27, -6, -3
27, -4, 3
27, -2, 3
27, 2, -1
27, 9, -1
27, 4, 4
27, 10, 0
27, 3, 4
27, -5, -1
27, 6, 2
27, 4, -6
27, -5, 2
27, -2, -5
27, 7, 3
27, -9, -1
28, -5, 4
28, 3, -7
29, -7, 3
29, -5, -5
29, 3, 2
29, -10, 1
30, 10, -2
30, 1, -3
30, -2, 4
30, 7, 5

lifespan : 30
12, -2, -4
12, -1, -4
12, 3, -1
12, -1, -3
14, -4, -1
14, 2, 3
14, 0, -3
14, -1, -2
16, 1, -1
16, -4, -2
17, 2, 4
18, -4, -3
18, -4, -2
19, -1, 0
19, 6, 1
19, 3, 2
19, -1, 1
20, 2, -5
20, -4, 0
20, -2, 3
20, -1, 2
20, 2, 2
21, -4, 3
21, 1, 0
21, 0, -1
21, -4, -1
21, 4, -2
21, 6, -3
22, -6, 3
22, 3, -5
22, -2, 5
22, -2, 3
22, -4, -5
22, 3, 0
23, -10, -2
23, -7, 0
23, 5, -4
23, 4, -3
24, 0, 8
24, 2, -10
25, -6, -1
25, -7, 2
25, -3, -3
25, -7, -1
25, 5, 4
25, -10, -1
25, 6, 2
25, 1, 7
25, 7, 1
26, -3, -6
26, 1, -9
26, -7, -2
27, 1, -13
27, -6, -3
27, -4, 3
27, -2, 3
27, 2, -1
27, 9, -1
27, 4, 4
27, 10, 0
27, 3, 4
27, -5, -1
27, 6, 2
27, 4, -6
27, -5, 2
27, -2, -5
27, 7, 3
27, -9, -1
28, -5, 4
29, -7, 3
29, -5, -5
29, 3, 2
30, 10, -2
30, 1, -3
30, 7, 5

lifespan : 30
12, -2, -4
12, -1, -4
12, 3, -1
12, -1, -3
14, -4, -1
14, 2, 3
14, 0, -3
14, -1, -2
16, 1, -1
16, -4, -2
17, 2, 4
18, -4, -3
18, -4, -2
19, -1, 0
19, 6, 1
19, 3, 2
19, -1, 1
20, 2, -5
20, -4, 0
20, -2, 3
20, -1, 2
20, 2, 2
21, -4, 3
21, 1, 0
21, 0, -1
21, -4, -1
21, 4, -2
21, 6, -3
22, -6, 3
22, 3, -5
22, -2, 5
22, -2, 3
22, -4, -5
22, 3, 0
23, -10, -2
23, -7, 0
23, 5, -4
23, 4, -3
24, 0, 8
24, 2, -10
25, -6, -1
25, -7, 2
25, -3, -3
25, -7, -1
25, 5, 4
25, -10, -1
25, 6, 2
25, 1, 7
25, 7, 1
26, -3, -6
26, 1, -9
26, -7, -2
27, 1, -13
27, -6, -3
27, -4, 3
27, -2, 3
27, 2, -1
27, 9, -1
27, 4, 4
27, 10, 0
27, 3, 4
27, -5, -1
27, 6, 2
27, 4, -6
27, -5, 2
27, -2, -5
27, 7, 3
27, -9, -1
28, -5, 4
29, -7, 3
29, -5, -5
29, 3, 2
30, 10, -2
30, 1, -3
30, 7, 5
