SproutLife Genome
V1

seedType : Bentline1 to R-Pentomino
competitiveMode : competitive1
maxLifespan : 75
targetLifespan : 20
minAgeToHaveChildren : 0
mutationRate : 8
sproutDelayedMode : false
primaryHueDegrees : 120
hueRange : 100

Saved Organisms : 20

lifespan : 21
3, -1, -2
5, -1, -1
8, 1, -2
9, -1, 0
14, 2, -4
14, -1, 3
14, -3, -3
14, 2, 3
15, 4, -3
16, 2, -3
16, 3, 2
16, 0, 1
17, -1, -5
18, 5, 0
18, -2, 5
18, -1, 6
20, 5, 2
20, 7, -2

lifespan : 21
3, -1, -2
5, -1, -1
8, 1, -2
9, -1, 0
14, 2, -4
14, -1, 3
14, 2, 3
14, -3, -3
15, 4, -3
16, 2, -3
16, 3, 2
17, -1, -5
17, 0, 1
17, 8, -3
18, 2, -5
18, -2, 5
18, 3, -1
18, -1, 6
20, 5, 2

lifespan : 22
3, -1, -2
5, -1, -1
8, 1, -2
9, -1, 0
14, 2, -4
14, -1, 3
14, -3, -3
14, 2, 3
15, 4, -3
16, 2, -3
16, 3, 2
17, -1, -5
17, 8, -3
18, 2, -5
18, 5, 0
18, -2, 5
18, 3, -1
18, -1, 6
20, 7, -2
22, 5, 2
22, -3, -6
22, 2, -2
22, 3, -8
22, 5, 0

lifespan : 22
3, -1, -2
6, -2, -1
8, 1, -2
9, -1, 0
14, 2, -4
14, -1, 3
14, -3, -3
14, 2, 3
15, 4, -3
16, 2, -3
16, 3, 2
17, -1, -5
17, 8, -3
18, 2, -5
18, 5, 0
18, -2, 5
18, -1, 6
20, 5, 2
20, 8, 0
21, 3, -4
22, 5, 2
22, -3, -6
22, 4, -2
22, 2, -2
22, 3, -8
22, 5, 0

lifespan : 22
3, -1, -2
5, -1, -1
8, 1, -2
9, -1, 0
14, 2, -4
14, -1, 3
14, -3, -3
14, 2, 3
14, -3, 1
15, 4, -3
16, 2, -3
16, 3, 2
17, -1, -5
17, 0, 1
17, 8, -3
18, 2, -5
18, 5, 0
18, 5, 0
18, -2, 5
18, 3, -1
18, -1, 6
20, 6, -2
21, -1, -5
22, 5, 2
22, -3, -6
22, 4, -2
22, 2, -2
22, 3, -8
22, 5, 0
22, 2, -5
22, 0, 3

lifespan : 21
3, -1, -2
5, -1, -1
8, 1, -2
9, -1, 0
14, 2, -4
14, -1, 3
14, -3, -3
14, 2, 3
15, 4, -3
16, 2, -3
16, 3, 2
17, -1, -5
17, 0, 1
17, 8, -3
18, -2, 5
18, 3, -1
18, -1, 6
19, 8, -2
19, -4, -4
20, 2, -3
20, 4, 2
21, 2, 3

lifespan : 23
3, -1, -2
5, -1, -1
8, 1, -2
9, -1, 0
14, 2, -4
14, -1, 3
14, -3, -3
14, 2, 3
15, 4, -3
16, 2, -3
16, 3, 2
17, -1, -5
17, 8, -3
18, 5, 0
18, -2, 5
18, -1, 6
20, 5, 2
21, 3, -4
22, 5, 2
22, -3, -6
22, 4, -2
22, 2, -2
22, 3, -8
22, 5, 0
22, 4, -1
23, 8, 1
23, 1, -7

lifespan : 21
3, -1, -2
5, -1, -1
8, 1, -2
9, -1, 0
14, 2, -4
14, -3, -3
14, 2, 3
14, -1, 3
15, 4, -3
16, 2, -3
16, 3, 2
17, -1, -5
17, 0, 1
17, 8, -3
18, 2, -5
18, 5, 0
18, -2, 5
18, 3, -1
18, -1, 6
20, 7, -2
20, 0, 3

lifespan : 20
3, -1, -2
5, -1, -1
8, 1, -2
9, -1, 0
14, 2, -4
14, -1, 3
14, -3, -3
14, 2, 3
15, 4, -3
16, 2, -3
16, 3, 2
17, -1, -5
17, 0, 1
17, 8, -3
18, 2, -5
18, 5, 0
18, 3, -1
18, -1, 6
18, -2, 5
19, 8, -1
20, 7, -2
20, 5, 2
20, -1, -2

lifespan : 21
3, -1, -2
5, -1, -1
8, 1, -2
9, -1, 0
14, 2, -4
14, -1, 3
14, -3, -3
14, 2, 3
15, 4, -3
16, 2, -3
16, 3, 2
17, -1, -5
17, 0, 0
18, 2, -5
18, 5, 0
18, 3, -1
18, -1, 6
18, -2, 5
19, -1, -3
19, -2, -5
20, 6, -1
20, 8, -2

lifespan : 22
3, -1, -2
5, -1, -1
8, 1, -2
9, -1, 0
14, -1, 3
14, -3, -3
14, 2, -4
15, 4, -3
16, 2, -3
16, 3, 2
17, -1, -5
17, 0, 1
17, 8, -3
18, 5, 0
18, -2, 5
18, 3, -1
18, -1, 6
18, 2, -5
19, -4, -3
19, 5, 0
20, 7, -2
20, 5, 2
22, 5, 2
22, -3, -6
22, 4, -2
22, 2, -2
22, 3, -8
22, 5, 0

lifespan : 20
3, -1, -2
5, -1, -1
8, 1, -2
9, -1, 0
14, 2, -4
14, -1, 3
14, -3, -3
14, 2, 3
15, 4, -3
16, 2, -3
16, 3, 2
17, -1, -5
17, 0, 1
17, 8, -3
18, 2, -5
18, 5, 0
18, -2, 5
18, 3, -1
18, -1, 6
19, 8, -2
19, -1, -3
19, 6, 1

lifespan : 22
3, -1, -2
5, -1, -1
8, 1, -2
9, -1, 0
14, 2, -4
14, -1, 3
14, -3, -3
14, 2, 3
15, 4, -3
16, 2, -3
16, 3, 2
17, -1, -5
17, 0, 1
17, 8, -3
18, 2, -5
18, 5, 0
18, -2, 5
18, 3, -1
18, -1, 6
20, 5, 2
22, 5, 2
22, -3, -6
22, 4, -2
22, 2, -2
22, 3, -8
22, 5, 0
22, 2, -5

lifespan : 21
3, -1, -2
5, -1, -1
8, 1, -2
9, -1, 0
14, 2, -4
14, -1, 3
14, -3, -3
14, 2, 3
15, 4, -3
16, 2, -3
16, 3, 2
16, 0, 2
17, -1, -5
17, 8, -3
18, 2, -5
18, 5, 0
18, -1, 6
18, -2, 5
18, 3, -1
19, 8, -1
20, 7, -2
20, 5, 2
20, -1, -2
20, 2, 3
21, -1, -2

lifespan : 21
3, -1, -2
5, -1, -1
8, 1, -2
9, -1, 0
12, 1, 1
14, 2, -4
14, -1, 3
14, -3, -3
14, 2, 3
15, 4, -3
16, 2, -3
16, 3, 2
17, -1, -5
17, 7, -3
18, 2, -5
18, 5, 0
18, -2, 5
18, 3, -1
18, -1, 6
20, 7, -2

lifespan : 22
3, -1, -2
5, -1, -1
8, 1, -2
9, -1, 0
14, -1, 3
14, -3, -3
14, 2, 3
14, 2, -4
15, 4, -3
16, 2, -3
16, 3, 2
17, -1, -5
17, 0, 1
17, 8, -3
18, 5, 0
18, -2, 5
18, 3, -1
18, -1, 6
18, 2, -5
19, -4, -3
19, 5, 0
20, 7, -2
20, 5, 2
22, 5, 2
22, -3, -6
22, 4, -2
22, 2, -2
22, 3, -8
22, 5, 0

lifespan : 21
3, -1, -2
5, -1, -1
8, 1, -2
9, -1, 0
14, 2, -4
14, -1, 3
14, -3, -3
14, 2, 3
15, 4, -3
16, 2, -3
16, 3, 2
17, -1, -5
17, 0, 1
17, 8, -3
18, 2, -5
18, 5, 0
18, -2, 5
18, 3, -1
18, -1, 6
19, 8, -2
20, 5, 2
20, 2, -3

lifespan : 21
3, -1, -2
5, -1, -1
8, 1, -2
9, -1, 0
14, 2, -4
14, -1, 3
14, -3, -3
14, 2, 3
15, 4, -3
16, 2, -3
16, 3, 2
17, -1, -5
17, 0, 1
18, -2, 5
18, -1, 6
18, 4, 0
20, 7, -2
20, 6, 2

lifespan : 20
3, -1, -2
5, -1, -1
8, 1, -2
9, -1, 0
14, 2, -4
14, -1, 3
14, -3, -3
14, 2, 3
15, 4, -3
16, 2, -3
16, 3, 2
17, 0, 1
17, 8, -3
17, -1, -5
18, 2, -5
18, 5, 0
18, 3, -1
18, -1, 6
18, -2, 5
19, 8, -1
20, 7, -2
20, 5, 2
20, -1, -2

lifespan : 21
3, -1, -2
5, -1, -1
8, 1, -2
9, -1, 0
14, 2, -4
14, -1, 3
14, -3, -3
14, 2, 3
15, 4, -3
16, 2, -3
16, 3, 2
17, -1, -5
17, 7, -3
18, 2, -5
18, 5, 0
18, -2, 5
18, 3, -1
18, -1, 6
20, 7, -2
